location:0 "Durham, NC"
download:0 92139053.55755584
upload:0 93045260.13306665
time:0 "2019-07-29T18:11:15.461816Z"
latency:0 26.946
